Score Time
652 0.0939086 
651 0.186179 
646 0.279024 
635 0.369609 
648 0.461873 
641 0.555808 
623 0.649504 
657 0.742586 
656 0.837524 
634 0.930797 
648 1.02352 
651 1.11625 
658 1.20976 
651 1.30358 
645 1.40525 
636 1.50498 
623 1.60121 
651 1.69608 
665 1.79193 
649 1.88859 
645 1.98243 
649 2.07703 
656 2.17323 
649 2.27647 
658 2.37302 
646 2.4708 
669 2.56653 
647 2.65944 
655 2.75191 
641 2.84499 
636 2.93717 
647 3.02927 
655 3.12268 
647 3.21497 
672 3.30652 
648 3.39933 
633 3.49123 
653 3.5842 
653 3.67701 
648 3.77013 
663 3.86329 
643 3.95838 
632 4.05883 
638 4.15222 
652 4.24586 
647 4.339 
649 4.43196 
616 4.52555 
655 4.61936 
667 4.71378 
654 4.80753 
652 0.0942327 
651 0.187223 
646 0.27939 
647 0.372381 
648 0.465841 
641 0.559826 
633 0.653052 
657 0.746202 
656 0.839348 
634 0.932398 
648 1.02629 
651 1.12052 
658 1.22296 
651 1.31723 
645 1.41183 
648 1.50779 
623 1.60105 
651 1.69483 
665 1.7876 
649 1.88223 
645 1.97538 
649 2.07015 
656 2.16647 
649 2.25999 
658 2.35437 
646 2.44804 
669 2.54142 
647 2.63368 
655 2.72715 
641 2.82037 
636 2.91323 
647 3.00637 
655 3.10021 
647 3.19493 
648 3.28825 
633 3.38018 
653 3.47455 
653 3.56769 
648 3.66148 
663 3.75453 
643 3.849 
632 3.94244 
638 4.06267 
652 4.15877 
647 4.2537 
649 4.34901 
616 4.44322 
655 4.53865 
667 4.63394 
654 4.72761 
649 4.82208 
652 0.0943359 
651 0.187814 
646 0.282298 
647 0.377022 
648 0.471542 
641 0.56694 
633 0.661801 
657 0.756183 
656 0.851834 
634 0.946405 
648 1.04113 
651 1.13705 
658 1.2328 
651 1.32782 
645 1.42404 
648 1.51983 
623 1.61523 
651 1.71004 
665 1.80619 
649 1.90116 
645 1.99433 
649 2.08957 
656 2.18373 
649 2.27891 
658 2.37484 
646 2.47042 
647 2.56487 
655 2.66072 
641 2.75578 
636 2.8506 
647 2.94589 
655 3.04204 
647 3.13732 
648 3.23286 
633 3.32723 
653 3.42276 
653 3.51734 
648 3.61284 
663 3.70756 
643 3.80297 
632 3.89606 
638 3.9887 
652 4.08182 
647 4.17395 
649 4.26745 
616 4.35977 
655 4.45311 
667 4.54819 
654 4.64081 
649 4.73482 
651 4.83018 
652 0.0950218 
651 0.188331 
646 0.28271 
647 0.377202 
648 0.471655 
641 0.56649 
633 0.660102 
657 0.75359 
656 0.847459 
634 0.940753 
648 1.03533 
651 1.13045 
658 1.22479 
651 1.31976 
645 1.4148 
648 1.50985 
623 1.60511 
651 1.70005 
665 1.79665 
649 1.89384 
645 1.98868 
649 2.08582 
656 2.18188 
649 2.27767 
658 2.37467 
646 2.47145 
647 2.56671 
655 2.6628 
641 2.75746 
636 2.85203 
647 2.94735 
655 3.04251 
647 3.13799 
648 3.23328 
633 3.32791 
653 3.42325 
653 3.51902 
648 3.61456 
663 3.7093 
643 3.80483 
632 3.89916 
638 3.9943 
652 4.08934 
647 4.18482 
649 4.28007 
616 4.37506 
655 4.4709 
654 4.56513 
649 4.6607 
651 4.75503 
641 4.84896 
652 0.0949506 
651 0.188774 
646 0.282969 
647 0.377673 
648 0.471538 
641 0.567108 
633 0.661026 
657 0.755782 
656 0.851076 
634 0.944589 
648 1.03887 
651 1.13467 
658 1.22908 
651 1.32347 
645 1.41955 
648 1.51458 
623 1.60984 
651 1.70435 
649 1.79893 
645 1.89299 
649 1.98778 
656 2.08177 
649 2.17611 
658 2.27092 
646 2.36617 
647 2.46031 
655 2.55606 
641 2.65092 
636 2.74531 
647 2.83968 
655 2.93569 
647 3.03132 
648 3.12837 
633 3.22342 
653 3.31855 
653 3.41365 
648 3.50914 
663 3.60374 
643 3.69921 
632 3.79417 
638 3.88896 
652 3.98326 
647 4.07819 
649 4.17313 
616 4.26793 
655 4.36374 
654 4.45857 
649 4.55428 
651 4.64952 
641 4.74521 
649 4.83887 
652 0.0942352 
651 0.187561 
646 0.281064 
647 0.374925 
648 0.46944 
641 0.56448 
633 0.659579 
657 0.754395 
656 0.850248 
634 0.94668 
648 1.04393 
651 1.14516 
658 1.24658 
651 1.34588 
645 1.44786 
648 1.5453 
623 1.64082 
651 1.73671 
649 1.83161 
645 1.92543 
649 2.02041 
656 2.11453 
649 2.2082 
658 2.30317 
646 2.3992 
647 2.49392 
655 2.58953 
641 2.68348 
636 2.77653 
647 2.87065 
655 2.96583 
647 3.06043 
648 3.15468 
633 3.24969 
653 3.34529 
653 3.44053 
648 3.53531 
643 3.62989 
632 3.72345 
638 3.81848 
652 3.91241 
647 4.00751 
649 4.10329 
616 4.19747 
655 4.29291 
654 4.38622 
649 4.4808 
651 4.57524 
641 4.66905 
649 4.76277 
636 4.85749 
652 0.0952099 
651 0.187972 
646 0.280726 
647 0.37383 
648 0.466463 
641 0.56033 
633 0.653161 
657 0.746018 
656 0.839787 
634 0.932164 
648 1.02545 
651 1.12005 
651 1.21626 
645 1.31403 
648 1.41053 
623 1.5061 
651 1.60296 
649 1.70061 
645 1.79646 
649 1.89213 
656 1.98703 
649 2.09278 
658 2.19141 
646 2.2879 
647 2.38236 
655 2.4779 
641 2.57364 
636 2.6709 
647 2.76612 
655 2.86339 
647 2.97061 
648 3.0776 
633 3.17697 
653 3.27166 
653 3.36986 
648 3.46724 
643 3.56279 
632 3.65768 
638 3.75353 
652 3.84918 
647 3.94682 
649 4.04619 
616 4.14535 
655 4.24175 
654 4.3363 
649 4.43155 
651 4.52926 
641 4.62581 
649 4.72986 
636 4.82474 
636 4.92053 
652 0.0957362 
651 0.193037 
646 0.289896 
647 0.386784 
648 0.483917 
641 0.580958 
633 0.676951 
657 0.773241 
656 0.869215 
634 0.964991 
648 1.0599 
651 1.15528 
651 1.25035 
645 1.34617 
648 1.44262 
623 1.53797 
651 1.63299 
649 1.72763 
645 1.82261 
649 1.91962 
656 2.0152 
649 2.11087 
646 2.20771 
647 2.30271 
655 2.39764 
641 2.49146 
636 2.58521 
647 2.68008 
655 2.77601 
647 2.87163 
648 2.96748 
633 3.06239 
653 3.15768 
653 3.25351 
648 3.3484 
643 3.44448 
632 3.53954 
638 3.63348 
652 3.72833 
647 3.82391 
649 3.91965 
616 4.01514 
655 4.11112 
654 4.20686 
649 4.30249 
651 4.39825 
641 4.49401 
649 4.58995 
636 4.685 
636 4.78027 
648 4.876 
652 0.0966023 
651 0.192078 
646 0.287556 
647 0.383507 
648 0.479463 
641 0.576423 
633 0.671834 
656 0.767735 
634 0.86268 
648 0.958689 
651 1.05546 
651 1.15127 
645 1.24948 
648 1.34625 
623 1.44254 
651 1.54084 
649 1.63838 
645 1.73412 
649 1.83099 
656 1.92784 
649 2.02183 
646 2.11846 
647 2.2133 
655 2.3091 
641 2.41225 
636 2.50936 
647 2.60647 
655 2.70391 
647 2.801 
648 2.899 
633 2.99661 
653 3.09482 
653 3.20687 
648 3.30491 
643 3.40362 
632 3.49748 
638 3.59124 
652 3.68503 
647 3.77861 
649 3.87544 
616 3.97078 
655 4.06721 
654 4.16336 
649 4.26092 
651 4.35747 
641 4.45746 
649 4.55716 
636 4.65101 
636 4.74833 
648 4.84188 
646 4.93905 
652 0.0964343 
651 0.191046 
646 0.285129 
647 0.380653 
648 0.476233 
641 0.572716 
633 0.668826 
634 0.77509 
648 0.872017 
651 0.967789 
651 1.06427 
645 1.16346 
648 1.26071 
623 1.35747 
651 1.45339 
649 1.54843 
645 1.64252 
649 1.73858 
656 1.83498 
649 1.93179 
646 2.02907 
647 2.12461 
655 2.22016 
641 2.31493 
636 2.40881 
647 2.50424 
655 2.5994 
647 2.69487 
648 2.78972 
633 2.88548 
653 2.98217 
653 3.08004 
648 3.17746 
643 3.27418 
632 3.36883 
638 3.46396 
652 3.55957 
647 3.65458 
649 3.7486 
616 3.84284 
655 3.93737 
654 4.03217 
649 4.12786 
651 4.22302 
641 4.3194 
649 4.41527 
636 4.51951 
636 4.61453 
648 4.7109 
646 4.80762 
634 4.90483 
652 0.0992533 
651 0.196396 
646 0.294734 
647 0.3944 
648 0.492065 
641 0.588046 
633 0.683024 
634 0.77655 
648 0.871191 
651 0.965706 
651 1.06057 
645 1.15513 
648 1.24992 
623 1.34447 
651 1.43966 
649 1.53467 
645 1.62817 
649 1.722 
649 1.81755 
646 1.91529 
647 2.01137 
655 2.10675 
641 2.20241 
636 2.29699 
647 2.39246 
655 2.48824 
647 2.58279 
648 2.6775 
633 2.77322 
653 2.87185 
653 2.96834 
648 3.06447 
643 3.16025 
632 3.2546 
638 3.34956 
652 3.44464 
647 3.539 
649 3.63408 
616 3.72866 
655 3.82313 
654 3.91753 
649 4.01291 
651 4.10815 
641 4.20354 
649 4.29801 
636 4.39257 
636 4.48623 
648 4.58045 
646 4.67516 
634 4.76878 
631 4.86481 
652 0.0942801 
651 0.187627 
646 0.280852 
647 0.374973 
648 0.469063 
641 0.564385 
633 0.658943 
634 0.75207 
648 0.847359 
651 0.942596 
651 1.03764 
645 1.13322 
648 1.22858 
623 1.32409 
651 1.41947 
649 1.51594 
645 1.61059 
649 1.70664 
649 1.80159 
646 1.89739 
647 1.99281 
641 2.08922 
636 2.18328 
647 2.27752 
655 2.37261 
647 2.46835 
648 2.56364 
633 2.65787 
653 2.7518 
653 2.84614 
648 2.94147 
643 3.0373 
632 3.1311 
638 3.22542 
652 3.31967 
647 3.41458 
649 3.50897 
616 3.60356 
655 3.69913 
654 3.79299 
649 3.88831 
651 3.98278 
641 4.0782 
649 4.17207 
636 4.26602 
636 4.36037 
648 4.45586 
646 4.55098 
634 4.64531 
631 4.74022 
658 4.83505 
652 0.0954231 
651 0.189488 
646 0.282757 
647 0.377532 
648 0.471648 
641 0.566262 
633 0.659191 
634 0.752818 
648 0.847126 
651 0.942554 
651 1.03713 
645 1.13263 
648 1.22824 
623 1.32319 
651 1.41856 
649 1.51377 
645 1.60737 
649 1.7021 
649 1.79731 
646 1.89336 
647 1.98807 
641 2.08244 
636 2.17649 
647 2.27163 
655 2.36708 
647 2.4616 
648 2.55671 
633 2.65166 
653 2.74657 
653 2.84057 
648 2.93617 
643 3.03168 
632 3.12587 
638 3.22106 
652 3.3161 
647 3.41139 
649 3.50703 
616 3.60205 
655 3.69633 
654 3.78989 
649 3.88566 
651 3.98166 
641 4.07614 
649 4.17049 
636 4.2634 
636 4.35712 
648 4.45241 
646 4.54712 
634 4.64016 
631 4.73489 
625 4.82918 
652 0.0948695 
651 0.188592 
646 0.28236 
647 0.376504 
648 0.470684 
641 0.565502 
633 0.65882 
634 0.751924 
648 0.845366 
651 0.939506 
651 1.03417 
645 1.1286 
648 1.22217 
623 1.31612 
651 1.40997 
649 1.50414 
645 1.59728 
649 1.69272 
649 1.78632 
646 1.88096 
647 1.97462 
641 2.06828 
636 2.16201 
647 2.25609 
647 2.35042 
648 2.44453 
633 2.53775 
653 2.63192 
653 2.72602 
648 2.82053 
643 2.91443 
632 3.00729 
638 3.10091 
652 3.19478 
647 3.28845 
649 3.38261 
616 3.47573 
655 3.56972 
654 3.66404 
649 3.76003 
651 3.85619 
641 3.95143 
649 4.04661 
636 4.14124 
636 4.23584 
648 4.33144 
646 4.42738 
634 4.52184 
631 4.61749 
625 4.71253 
626 4.80619 
652 0.0946877 
651 0.188728 
646 0.281412 
647 0.375627 
648 0.469812 
641 0.564873 
633 0.65926 
634 0.752996 
648 0.847928 
651 0.943655 
651 1.03918 
645 1.13552 
648 1.23133 
623 1.32712 
651 1.4227 
649 1.51851 
645 1.61341 
649 1.70953 
649 1.80528 
646 1.9015 
647 1.99646 
641 2.09182 
636 2.18784 
647 2.28331 
647 2.37907 
648 2.4746 
633 2.56989 
653 2.66625 
653 2.76155 
648 2.85719 
643 2.95269 
632 3.04706 
638 3.14203 
652 3.2371 
647 3.33166 
649 3.42654 
616 3.52046 
654 3.61438 
649 3.70934 
651 3.80471 
641 3.89964 
649 3.9943 
636 4.0879 
636 4.18146 
648 4.27593 
646 4.37143 
634 4.46538 
631 4.56129 
625 4.65518 
626 4.74872 
653 4.84356 
652 0.0952488 
651 0.189455 
646 0.283718 
647 0.377578 
648 0.472269 
641 0.567168 
633 0.661474 
634 0.754932 
648 0.850173 
651 0.945376 
651 1.04015 
645 1.13634 
648 1.23245 
623 1.32753 
651 1.42255 
649 1.51779 
645 1.61157 
649 1.70724 
649 1.80233 
646 1.89876 
647 1.99249 
641 2.08723 
636 2.18149 
647 2.2768 
647 2.37209 
648 2.46774 
633 2.56216 
653 2.6567 
653 2.75187 
648 2.84759 
643 2.94337 
632 3.03815 
638 3.13243 
652 3.22709 
647 3.32212 
649 3.4177 
616 3.51237 
649 3.60825 
651 3.70358 
641 3.79842 
649 3.8935 
636 3.9877 
636 4.08191 
648 4.17737 
646 4.27296 
634 4.36758 
631 4.46307 
625 4.55827 
626 4.6522 
653 4.74706 
658 4.84331 
652 0.0966428 
651 0.191656 
646 0.286297 
647 0.381463 
648 0.476489 
641 0.572224 
633 0.667156 
634 0.761953 
648 0.857427 
651 0.953343 
651 1.04889 
645 1.14538 
648 1.24085 
623 1.33553 
651 1.43015 
649 1.52562 
645 1.61921 
649 1.71462 
649 1.80891 
646 1.90392 
647 1.99706 
641 2.09146 
636 2.1863 
647 2.28128 
647 2.37623 
648 2.47081 
633 2.56424 
653 2.65838 
653 2.75291 
648 2.8479 
643 2.94261 
632 3.03606 
638 3.13081 
652 3.22505 
647 3.31921 
649 3.41386 
616 3.50733 
649 3.60195 
651 3.69641 
641 3.79111 
649 3.88571 
636 3.97971 
636 4.073 
648 4.1685 
646 4.26352 
634 4.35715 
631 4.45231 
625 4.54656 
626 4.63999 
653 4.73368 
645 4.82888 
652 0.0942427 
651 0.188984 
646 0.282644 
647 0.376736 
648 0.472416 
641 0.567675 
633 0.661326 
634 0.756058 
648 0.850793 
651 0.946683 
651 1.04134 
645 1.13818 
648 1.23363 
623 1.32927 
651 1.42491 
649 1.52073 
645 1.61586 
649 1.71333 
649 1.80878 
646 1.90617 
647 2.00123 
641 2.09611 
636 2.19151 
647 2.28765 
647 2.38469 
648 2.48063 
633 2.57635 
653 2.6717 
648 2.76767 
643 2.86402 
632 2.95932 
638 3.05496 
652 3.14963 
647 3.24445 
649 3.34116 
616 3.43669 
649 3.53268 
651 3.62857 
641 3.72386 
649 3.81886 
636 3.91336 
636 4.00796 
648 4.10387 
646 4.19932 
634 4.29371 
631 4.3886 
625 4.48318 
626 4.57679 
653 4.67092 
645 4.76639 
648 4.86111 
652 0.0958694 
651 0.190774 
646 0.285581 
647 0.382322 
648 0.477744 
641 0.573667 
633 0.66933 
634 0.764028 
648 0.859462 
651 0.955544 
651 1.05141 
645 1.14854 
648 1.24486 
623 1.34128 
651 1.43755 
649 1.5338 
645 1.6287 
649 1.72515 
649 1.82184 
646 1.91924 
647 2.01378 
641 2.10959 
636 2.20616 
647 2.30181 
647 2.3984 
648 2.49418 
633 2.58987 
648 2.68663 
643 2.783 
632 2.87798 
638 2.97397 
652 3.06961 
647 3.16575 
649 3.26164 
616 3.3571 
649 3.45264 
651 3.54789 
641 3.64162 
649 3.73587 
636 3.82954 
636 3.92377 
648 4.01899 
646 4.11433 
634 4.2084 
631 4.30341 
625 4.39734 
626 4.49094 
653 4.58521 
645 4.68106 
648 4.77529 
640 4.87073 
652 0.0945206 
651 0.189243 
646 0.282809 
647 0.377778 
648 0.471732 
641 0.566844 
633 0.661526 
634 0.756135 
648 0.8509 
651 0.945703 
651 1.03979 
645 1.13556 
648 1.23029 
623 1.32541 
651 1.42044 
649 1.51599 
645 1.61003 
649 1.70607 
649 1.80027 
646 1.89602 
647 1.99043 
641 2.08482 
636 2.17917 
647 2.27439 
647 2.37004 
648 2.46507 
633 2.56019 
648 2.65511 
643 2.74992 
632 2.84365 
638 2.93851 
